r_shoulder_pan_joint -0.582182 -0.586742 -0.568088 -0.567507
l_shoulder_pan_joint 0.438794 0.427851 0.507938 0.501555
r_shoulder_lift_joint 0.344413 0.345512 0.351772 0.351265
l_shoulder_lift_joint 0.19483 0.219954 0.228076 0.212764
r_upper_arm_roll_joint -1.833674 -1.500938 -1.594104 -1.976551
l_upper_arm_roll_joint 1.785593 1.935044 1.839312 1.614655
r_elbow_flex_joint -1.923686 -1.989991 -1.775731 -1.771967
l_elbow_flex_joint -1.661941 -1.741999 -2.067009 -1.914711
r_forearm_roll_joint -0.397124 -0.397124 -0.17985 -0.17985
l_forearm_roll_joint 0.24648 0.246307 0.245265 0.043206
r_wrist_flex_joint -0.180769 -0.180769 -0.127862 -0.127644
l_wrist_flex_joint -0.096116 -0.096334 -0.094071 -0.094071
r_wrist_roll_joint -0.238648 -0.238648 -0.221679 -0.221897
l_wrist_roll_joint 0.252574 0.252356 0.33833 0.33833
head_pan_joint 0.355522 0.513439 0.578784 0.36
head_tilt_joint -0.248395 -0.297299 -0.238447 -0.217608
speed 0.5 0.5 0.5 0.5
