r_shoulder_pan_joint -0.957085 -0.956588 -0.954847 -0.954847
l_shoulder_pan_joint 0.877785 1.186446 1.189762 1.189762
r_shoulder_lift_joint 0.85139 0.851221 0.850713 0.850713
l_shoulder_lift_joint 0.691825 -0.112081 -0.110135 -0.110135
r_upper_arm_roll_joint -1.686308 -1.68695 -1.688233 -1.688233
l_upper_arm_roll_joint 1.966474 0.846074 0.826672 0.826672
r_elbow_flex_joint -1.990426 -1.990426 -1.990426 -1.990426
l_elbow_flex_joint -1.859119 -0.278802 -0.27634 -0.27634
r_forearm_roll_joint -0.532833 -0.532833 -0.532833 -0.532833
l_forearm_roll_joint 0.239539 0.15138 0.15138 0.15138
r_wrist_flex_joint -0.549115 -0.549115 -0.549115 -0.549115
l_wrist_flex_joint -0.086283 -0.086892 -0.086762 -0.086762
r_wrist_roll_joint -0.168424 -0.168424 -0.168424 -0.168424
l_wrist_roll_joint 0.580544 0.608912 0.612262 0.612262
head_pan_joint -0.475953 1.192232 -0.475953 -0.475953
head_tilt_joint -0.012671 -0.069953 -0.046181 -0.046181
speed 1.0 2.0 1.0 4.0
