r_shoulder_pan_joint -0.70621 -0.692862 -0.695764 -0.303864 -0.303864 -0.303864
l_shoulder_pan_joint 1.161574 1.178238 1.170114 1.187607 1.187607 1.187607
r_shoulder_lift_joint 0.524769 0.505481 0.509288 -0.276599 -0.276599 -0.276599
l_shoulder_lift_joint 0.725917 0.723294 0.724479 0.721433 0.721433 0.721433
r_upper_arm_roll_joint -0.582105 -0.48493 -0.514596 -0.346223 -0.346223 -0.346223
l_upper_arm_roll_joint 1.994375 1.994375 1.994375 1.994375 1.994375 1.994375
r_elbow_flex_joint -2.092489 -2.041964 -2.058034 -0.249268 -0.249268 -0.249268
l_elbow_flex_joint -2.031685 -2.02879 -2.029803 -2.025605 -2.025605 -2.025605
r_forearm_roll_joint -1.438024 -1.438024 -1.438024 -1.91775 -1.91775 -1.91775
l_forearm_roll_joint 0.65517 0.65517 0.65517 0.65517 0.65517 0.65517
r_wrist_flex_joint -0.947004 -0.982116 -0.981333 -0.421069 -0.421069 -0.421069
l_wrist_flex_joint -0.715335 -0.715335 -0.715335 -0.715335 -0.715335 -0.715335
r_wrist_roll_joint -0.078491 -0.112472 -0.112559 -0.79021 -0.79021 -0.79021
l_wrist_roll_joint -0.033019 -0.033019 -0.033019 -0.033019 -0.033019 -0.033019
head_pan_joint -0.097601 -0.475953 -0.430819 -0.430819 -0.26798 -0.26798
head_tilt_joint -0.098541 0.639 0.4 0.4 -0.111212 -0.111212
speed 1.0 1.0 1.0 3.0 1.0 4.0
