r_shoulder_pan_joint -0.288112 -0.5 -0.035827 -0.035827
l_shoulder_pan_joint 0.437551 0.5 -0.007078 -0.007078
r_shoulder_lift_joint 0.30533 0.30533 0.427654 0.427654
l_shoulder_lift_joint 0.255992 0.255992 0.39938 0.39938
r_upper_arm_roll_joint -1.248059 -1.248059 0.598427 0.598427
l_upper_arm_roll_joint 1.246962 1.246962 -0.6518 -0.6518
r_elbow_flex_joint -1.899075 -1.899075 -1.561036 -1.561036
l_elbow_flex_joint -1.932228 -1.932228 -1.640804 -1.640804
r_forearm_roll_joint -1.940542 -1.940542 -1.771281 -1.771281
l_forearm_roll_joint 1.874 1.874 1.563245 1.563245
r_wrist_flex_joint -1.797908 -1.797908 -0.088095 -0.088095
l_wrist_flex_joint -1.947247 -1.947247 -0.086631 -0.086631
r_wrist_roll_joint -0.121 -0.121 -0.071051 -0.071051
l_wrist_roll_joint 0.239521 0.239521 -0.027537 -0.027537
head_pan_joint -0.26798 -0.26798 -0.26798 -0.26798
head_tilt_joint -0.001152 -0.001152 -0.335417 -0.335417
speed 2.0 0.5 2.0 4.0
