r_shoulder_pan_joint 0.177492 0.177989 0.177492 0.177989
l_shoulder_pan_joint 0.34569 0.34569 0.34569 0.34569
r_shoulder_lift_joint 0.979297 0.978621 0.979297 0.978621
l_shoulder_lift_joint 1.232725 1.232556 1.232725 1.232556
r_upper_arm_roll_joint -1.539263 -1.539103 -1.539263 -1.539103
l_upper_arm_roll_joint 1.931356 1.931837 1.931356 1.931837
r_elbow_flex_joint -2.123036 -2.12318 -2.123036 -2.12318
l_elbow_flex_joint -1.594912 -1.594912 -1.594912 -1.594912
r_forearm_roll_joint -2.002843 -2.002901 -2.002843 -2.002901
l_forearm_roll_joint -1.728841 -1.728841 -1.728841 -1.728841
r_wrist_flex_joint -1.946274 -1.946274 -1.946274 -1.946274
l_wrist_flex_joint -0.09381 -0.093854 -0.09381 -0.093854
r_wrist_roll_joint 0.199313 0.199313 0.199313 0.199313
l_wrist_roll_joint -0.078312 -0.078268 -0.078312 -0.078268
head_pan_joint 0.770735 -0.622037 0.770735 -0.622037
head_tilt_joint -0.106291 -0.086289 -0.106291 -0.086289
speed 1.5 0.8 0.8 0.8
